
TX position:
    position: 
      x: -2.43549633026
      y: 2.57861876488
      z: 1.0106061697
    orientation: 
      x: 0.000140316071338
      y: -0.024987578392
      z: 0.556594729424
      w: 0.830408334732


