Channel: 108
Moving Robot : robot_rx
     position: P10
Static Robot : robot_tx
    position: 
      x: 0.0158036444336
      y: 2.51880955696
      z: 0.998151302338
    orientation: 
      x: 0.00618877774104
      y: -0.0102004446089
      z: 0.253027051687
      w: -0.967385590076

