Channel: 108
Moving Robot : robot_rx
     position: P6
Static Robot : robot_tx
    position: 
      x: -0.108796305954
      y: -2.43906259537
      z: 0.952715218067
    orientation: 
      x: 0.0195003002882
      y: -0.00354636530392
      z: 0.674448370934
      w: -0.738055944443
