Channel: 108
Moving Robot : robot_rx
     position: P0
Static Robot : robot_tx
    position: 
      x: 2.44401335716
      y: -0.0634289234877
      z: 0.963115632534
    orientation: 
      x: 0.0119145186618
      y: 0.0142590850592
      z: 0.698351025581
      w: -0.715514242649

