Channel: 108
Moving Robot : robot_rx
     position: P9
static robot : robot_tx
    position: 
      x: 2.51348280907
      y: 2.50380373001
      z: 0.982048094273
    orientation: 
      x: 0.00295144901611
      y: -0.000786528049503
      z: 0.739806175232
      w: 0.672813177109

