Channel: 108
Moving Robot : robot_rx
     position: P5
static robot : robot_tx
    position: 
      x: -2.97229003906
      y: -1.4876730442
      z: 0.974842190742
    orientation: 
      x: 0.0417554602027
      y: -0.0150883561
      z: 0.474592745304
      w: -0.879085123539

