TX position:
    position: 
      x: -4.48122215271
      y: 0.0730026811361
      z: 0.991519093513
    orientation: 
      x: 0.0116600766778
      y: -0.00488959113136
      z: 0.999810576439
      w: -0.0148030910641

