Channel: 108
Moving Robot : robot_rx
     position: P1
static robot : robot_tx
    position: 
      x: -0.0799111425877
      y: -0.0278995297849
      z: 0.97653901577
    orientation: 
      x: -0.00349851115607
      y: 0.00266796327196
      z: -0.0159945245832
      w: -0.999862492085

