Channel: 108
Moving Robot : robot_rx
     position: P6
static robot : robot_tx
    position: 
      x: 0.105406969786
      y: -2.53801226616
      z: 0.94911044836
    orientation: 
      x: 0.0184734985232
      y: 0.00155482860282
      z: 0.166232794523
      w: -0.985912263393

