Channel: 108
Moving Robot : robot_rx
     position: P7
static robot : robot_tx
    position: 
      x: 2.57527661324
      y: -2.50229716301
      z: 0.932723104954
    orientation: 
      x: -0.00307868444361
      y: 0.00655858265236
      z: -0.713440060616
      w: -0.700678765774

