Channel: 108
Moving Robot : robot_rx
     position: P2
static robot : robot_tx
    position: 
      x: -2.44490528107
      y: 2.46631550789
      z: 1.00386679173
    orientation: 
      x: 0.0145910223946
      y: -0.00231211003847
      z: 0.437114328146
      w: -0.899284660816

