Channel: 108
Moving Robot : robot_rx
     position: P3
static robot : robot_tx
    position: 
      x: -4.50677490234
      y: 2.10521316528
      z: 1.01527428627
    orientation: 
      x: 0.00502169691026
      y: -0.0243391450495
      z: 0.44109621644
      w: -0.897115647793

