Channel: 108
Moving Robot : robot_rx
     position: P10
static robot : robot_tx
    position: 
      x: -0.0136830834672
      y: 2.48251605034
      z: 0.9979429245
    orientation: 
      x: 0.00262801838107
      y: -0.0195541195571
      z: 0.999300658703
      w: -0.0317646339536

