Channel: 108
Moving Robot : robot_rx
     position: P3
static robot : robot_tx
    position: 
      x: 0.0403314083815
      y: -0.00230651162565
      z: 0.21450689435
    orientation: 
      x: 0.0549597144127
      y: 0.0170711297542
      z: 0.641725122929
      w: -0.764772355556
