Channel: 108
Moving Robot : robot_rx
     position: P0
Static Robot : robot_tx
    position: 
      x: -2.90588092804
      y: -1.56136715412
      z: 0.970152854919
    orientation: 
      x: -0.00372243253514
      y: 0.0090231243521
      z: -0.00806689169258
      w: -0.999919831753

